53
76
77
3
94
56
37
11
67
8
6
92
75
22
31
55
55
25
59
78
3
98
49
43
5
94
96
50
27
4
29
35
21
1
86
84
19
98
15
55
13
69
76
64
37
37
57
83
95
36
31
17
96
54
48
22
20
24
66
78
85
31
21
84
66
44
30
25
86
93
93
9
62
89
71
34
25
29
57
2
13
51
64
78
48
92
34
97
35
47
15
61
96
33
77
59
39
8
46
98
61
40
63
18
12
76
39
64
99
94
6
9
14
98
88
37
24
21
46
57
25
67
98
44
23
54
20
3
20
42
74
24
5
63
18
54
63
18
67
16
15
29
80
95
18
13
29
14
90
73
84
41
23
28
77
34
93
63
15
45
63
79
74
33
67
79
73
52
4
87
16
4
57
17
8
53
40
83
52
97
35
90
80
66
32
38
50
63
96
20
56
56
21
97
85
19
77
24
8
9
91
39
82
42
30
2
1
63
36
62
5
82
20
46
3
28
25
77
82
63
55
64
73
21
5
69
68
65
68
12
71
61
11
90
65
22
72
41
3
13
67
33
7
82
75
13
32
91
81
73
48
78
10
79
90
12
21
39
51
51
69
38
7
79
40
44
73
98
84
34
50
38
25
19
4
16
58
58
20
6
17
65
70
92
8
5
49
0
81
35
86
66
54
51
35
96
71
0
73
47
58
76
79
58
33
98
46
7
95
73
77
97
72
87
74
10
35
31
44
22
58
9
20
64
1
13
15
56
96
8
86
86
91
51
25
27
52
40
46
61
59
95
85
46
39
65
41
26
54
9
10
26
3
73
91
7
0
80
56
82
6
46
84
94
41
3
24
31
29
62
16
66
23
59
96
35
98
72
83
66
1
6
20
71
61
90
53
93
33
82
1
31
46
7
99
75
22
70
57
51
25
12
15
60
66
33
40
17
40
21
44
17
16
66
52
59
48
34
15
52
50
78
42
63
43
7
34
61
36
69
47
14
99
58
92
64
19
46
43
39
53
10
95
59
3
93
56
79
71
43
89
95
9
57
19
33
70
90
98
96
45
46
42
85
88
60
84
59
76
45
40
86
90
84
9
65
54
96
36
66
26
43
38
86
20
97
65
66
6
16
3
32
39
12
10
12
47
6
0
96
59
95
87
10
99
27
54
77
17
7
82
82
70
12
71
58
9
26
99
1
76
53
93
74
24
0
72
82
85
64
87
23
38
95
97
62
47
18
30
69
80
49
28
63
75
75
8
33
63
54
45
16
67
29
76
25
26
17
75
36
89
9
3
88
76
58
49
51
90
87
84
76
83
46
1
95
72
32
49
37
22
44
0
8
60
0
87
48
63
47
35
82
80
79
78
55
93
3
31
85
50
61
61
9
58
31
98
36
54
59
58
65
37
37
99
28
7
41
15
49
70
23
1
67
89
72
50
9
56
98
12
59
24
79
77
43
93
27
5
30
32
60
22
65
74
63
10
58
83
86
52
20
46
88
36
4
37
46
71
48
31
72
82
78
63
43
72
79
85
86
92
66
3
79
2
81
48
22
73
43
92
41
2
39
13
11
76
60
0
63
47
94
13
80
91
58
84
75
70
98
48
21
98
32
62
16
62
49
79
81
33
22
39
56
76
11
98
23
13
45
69
76
32
74
18
39
43
22
86
29
30
77
67
7
4
12
26
50
62
58
51
4
9
1
12
61
32
85
60
81
40
93
9
9
79
20
10
56
76
39
62
47
13
34
22
9
81
65
10
27
45
58
84
0
65
33
66
17
16
80
1
63
80
84
95
82
88
52
25
99
88
33
71
22
63
67
34
18
77
20
67
93
61
47
6
40
98
97
85
84
81
36
76
52
81
36
7
87
99
62
51
33
14
87
87
54
76
51
97
3
44
85
60
46
84
96
93
8
98
23
39
38
70
9
37
22
27
66
58
0
43
35
80
9
91
98
22
19
88
15
28
83
43
31
18
36
6
49
9
57
24
72
13
79
25
11
56
85
91
69
68
40
81
38
88
35
21
94
69
24
22
61
52
66
33
87
77
80
89
11
54
58
33
3
93
62
56
38
13
97
84
27
24
33
17
82
27
28
74
50
27
87
31
46
55
5
50
60
28
74
19
32
28
60
43
61
15
41
84
79
96
99
95
97
39
2
31
41
37
0
10
99
93
27
7
3
19
11
66
16
31
74
90
50
95
22
97
38
66
75
5
81
1
90
42
95
4
62
83
23
42
38
43
13
79
3
37
71
38
52
86
32
23
80
88
39
3
77
55
53
